saveMD5 = 3a84216fa611306d83a157c326887e89
vesselCount = 2
UT = 214574.49883906555
gameMode = CAREER
gameNull = False
gameCompatible = True
funds = 608231.95639061928
science = 47
reputationPercent = 31
ongoingContracts = 4
saveMD5 = 3a84216fa611306d83a157c326887e89
