saveMD5 = 4fb2b7fb1b96e0ce2371fad0299e789c
vesselCount = 1
UT = 209573.42029415886
gameMode = CAREER
gameNull = False
gameCompatible = True
funds = 641670.11586594582
science = 24
reputationPercent = 31
ongoingContracts = 1
saveMD5 = 4fb2b7fb1b96e0ce2371fad0299e789c
